3217
5674
6088
6089
11016
11283
11284
11974
13196
16243
16445
16490
16494
16502
16508
16509
16744
16936
17056
17407
17545
17635
17636
17637
17638
17639
17640
17641
17642
17643
17644
17645
17646
17647
17648
17649
17650
17656
17683
17684
17685
17688
17689
17690
17691
17692
17693
17694
17695
17696
17697
17698
17699
17700
17701
17702
17704
17705
17706
17717
17718
17719
17720
17721
17722
17723
17724
17725
17726
17727
17743
17746
17814
17815
17875
17876
17877
17880
17904
17905
17906
17909
17912
17913
17914
17915
17922
17923
17924
17925
17926
17927
17928
17929
17930
17931
17933
17934
17935
17962
17982
17983
17984
17985
17986
18002
18003
18004
18005
18007
18008
18010
18011
18012
18013
18014
18015
18016
18017
18020
18022
18024
18025
18028
18029
18030
18031
18033
18037
18060
18061
18064
18065
18073
18074
18075
18076
18077
18078
18079
18080
18081
18082
18083
18086
18087
18091
18092
18093
18116
18117
18118
18119
18120
18121
18151
18153
18154
18155
18157
18182
18183
18197
18198
18216
18217
18232
18233
18234
18239
18240
18244
18247
18263
18264
18276
18277
18278
18285
18289
18290
18291
18293
18294
18295
18297
18298
18299
18300
18301
18302
18303
18304
18305
18306
18307
18308
18309
18310
18317
18318
18321
18322
18324
18325
18327
18363
18380
18385
18386
18392
18393
18394
18395
18396
18397
18399
18400
18407
18421
18448
18451
18452
18455
18456
18457
18458
18459
18473
18474
18475
18478
18489
18504
18508
18510
18512
18516
18517
18518
18519
18522
18529
18530
18531
18532
18533
18534
18535
18536
18537
18539
18540
18541
18542
18543
18544
18546
18547
18548
18549
18550
18551
18552
18553
18554
18555
18557
18558
18559
18562
18563
18564
18565
18566
18567
18568
18570
18584
18587
18588
18589
18590
18591
18592
18593
18596
18599
18630
18631
18632
18633
18643
18644
18645
18646
18648
18649
18651
18652
18653
18654
18655
18670
18687
18688
18706
18707
18708
18710
18714
18715
18736
18740
18741
18746
18759
18760
18764
18765
18770
18773
18774
18778
18779
18780
18781
18782
18783
18784
18785
18786
18787
18788
18789
18790
18791
18792
18793
18794
18795
18796
18797
18798
18799
18800
18801
18802
18803
18804
18805
18806
18807
18809
18810
18811
18812
18813
18814
18815
18816
18817
18818
18819
18820
18822
18823
18824
18825
18826
18827
18828
18829
18862
18870
18909
18916
18919
18924
18925
18937
18939
18947
18961
18962
18963
18964
18965
18966
18967
18992
19005
19006
19007
19010
19011
19032
19033
19034
19036
19050
19051
19070
19073
19078
19080
19081
19082
19089
19090
19091
19092
19093
19094
19095
19096
19097
19098
19099
19100
19101
19103
19104
19105
19106
19107
19108
19109
19110
19111
19112
19114
19115
19116
19117
19118
19119
19120
19121
19122
19123
19124
19130
19131
19133
19135
19136
19137
19138
19144
19173
19174
19183
19191
19192
19193
19194
19196
19199
19211
19212
19224
19225
19226
19227
19228
19229
19230
19231
19233
19234
19235
19236
19237
19238
19275
19276
19277
19278
19279
19468
19478
19479
19600
19605
19607
19661
19662
19663
19664
19680
19681
19993
19994
19995
19996
19997
19998
19999
20000
20016
20025
20026
20032
20033
20035
20036
20037
20038
20039
20040
20064
20072
20103
20108
20109
20110
20111
20186
20188
20190
20192
20194
20197
20216
20218
20229
20233
20235
20237
20252
20277
20278
20279
20280
20285
20286
20292
20293
20295
20297
20298
20299
20302
20304
20306
20308
20309
20310
20311
20314
20316
20322
20323
20329
20331
20332
20334
20335
20348
20349
20350
20354
20355
20356
20357
20358
20359
20368
20374
20382
20383
20384
20393
20395
20402
20403
20404
20405
20406
20407
20883
20884
20893
20894
20895
20896
20920
20921
20922
20923
20942
20943
20946
20947
20948
20949
20950
20951
20952
20986
21012
21046
21139
21153
21162
21163
21164
21165
21166
21167
21168
21169
21170
21171
21172
21175
21176
21177
21178
21180
21181
21183
21184
21185
21186
21188
21189
21190
21191
21192
21193
21203
21208
21230
21250
21251
21252
21253
21254
21255
21263
21279
21283
21288
21289
21375
21376
21377
21388
21390
21391
21392
21393
21394
21406
21407
21408
21409
21411
21412
21416
21417
21418
21419
21420
21422
21424
21425
21429
21430
21431
21435
21437
21438
21439
21440
21441
21476
21505
21534
21535
21536
21546
21580
21582
21583
21584
21585
21614
21615
21627
21635
21637
21679
21680
21681
21682
21683
21684
21685
21688
21690
21706
21707
21708
21709
21710
21711
21751
21754
21782
21783
21784
21786
21787
21788
21789
21790
21791
21792
21793
21802
21817
21826
21827
21828
21836
21870
21871
21872
21873
21874
21928
22006
22007
22008
22024
22039
22043
22048
22049
22050
22051
22052
22053
22054
22055
22057
22058
22059
22060
22062
22063
22071
22075
22076
22078
22079
22080
22082
22083
22084
22085
22088
22096
22097
22099
22100
22103
22104
22105
22106
22107
22108
22109
22110
22117
22118
22119
22120
22125
22139
22140
22141
22142
22155
22160
22161
22162
22163
22164
22165
22166
22167
22168
22169
22171
22205
22207
22208
22209
22210
22211
22214
22215
22217
22238
22248
22249
22250
22251
22252
22253
22254
22255
22256
22257
22258
22259
22260
22261
22262
22263
22264
22265
22266
22267
22268
22269
22270
22271
22275
22278
22279
22298
22306
22322
22323
22324
22325
22326
22327
22328
22329
22330
22331
22336
22338
22339
22340
22341
22357
22363
22396
22397
22400
22403
22405
22430
22434
22450
22452
22456
22470
22475
22476
22477
22478
22483
22484
22485
22486
22487
22488
22489
22490
22495
22497
22499
22501
22502
22504
22505
22506
22507
22515
22516
22517
22518
22520
22521
22529
22530
22562
22564
22571
22572
22573
22574
22575
22576
22577
22578
22579
22580
22581
22582
22583
22584
22591
22592
22593
22594
22595
22596
22597
22599
22602
22634
22637
22638
22648
22650
22718
22745
22764
22765
22766
22782
22783
22810
22811
22812
22817
22818
22819
22822
22825
22830
22840
22847
22848
22849
22850
22852
22853
22854
22855
22863
22878
22892
22906
22907
22925
22926
22927
22928
22929
22930
22931
22932
22933
22934
22935
22980
22982
22983
22984
22985
22986
22987
22988
22990
22991
22994
23027
23028
23029
23033
23034
23037
23038
23045
23047
23049
23050
23051
23060
23062
23063
23064
23065
23066
23067
23070
23071
23072
23073
23074
23075
23076
23077
23078
23079
23080
23081
23082
23083
23085
23086
23087
23088
23089
23090
23092
23096
23098
23099
23100
23101
23102
23103
23122
23123
23129
23131
23132
23133
23134
23135
23137
23138
23141
23159
23215
23216
23231
23232
23233
23234
23236
23237
23238
23239
23240
23243
23244
23245
23246
23247
23267
23268
23269
23270
23271
23285
23287
23288
23289
23292
23293
23294
23299
23300
23301
23302
23303
23328
23330
23333
23335
23336
23337
23338
23349
23351
23356
23357
23358
23359
23360
23361
23362
23363
23366
23368
23369
23370
23371
23372
23374
23376
23377
23378
23381
23382
23383
23384
23385
23386
23387
23388
23389
23390
23391
23392
23393
23394
23395
23396
23397
23398
23400
23402
23411
23412
23416
23419
23421
23426
23428
23429
23457
23458
23460
23461
23469
23472
23473
23475
23476
23477
23478
23479
23481
23485
23486
23491
23504
23505
23506
23507
23539
23541
23542
23544
23545
23559
23560
23586
23596
23597
23609
23612
23613
23614
23615
23616
23617
23618
23619
23620
23621
23622
23623
23624
23625
23626
23627
23628
23629
23630
23631
23633
23634
23635
23636
23637
23638
23639
23640
23641
23642
23643
23644
23646
23647
23648
23649
23650
23651
23653
23659
23707
23708
23709
23768
23769
23770
23771
23772
23774
23783
23784
23785
23786
23787
23788
23789
23792
23804
23805
23806
23809
23810
23814
23822
23830
23831
23832
23837
23841
23842
23849
23850
23851
23852
23853
23854
23855
23856
23857
23858
23859
23860
23861
23862
23863
23864
23865
23866
23869
23870
23871
23872
23873
23874
23875
23876
23877
23878
23880
23881
23882
23883
23885
23886
23887
23888
23889
23890
23891
23892
23893
23894
23895
23905
23969
23972
23973
23977
23978
23979
24050
24051
24052
24093
24094
24095
24096
24113
24115
24116
24123
24131
24132
24133
24134
24148
24149
24150
24151
24152
24154
24155
24156
24157
24158
24159
24160
24161
24162
24163
24164
24165
24166
24167
24168
24169
24171
24172
24173
24174
24175
24202
24232
24233
24239
24257
24259
24260
24301
24302
24308
24328
24329
24347
24349
24350
24357
24369
24384
24386
24387
24390
24391
24392
24393
24394
24395
24396
24397
24398
24399
24400
24401
24402
24403
24404
24405
24406
24407
24408
24409
24410
24411
24412
24413
24414
24415
24416
24417
24418
24419
24420
24421
24422
24423
24424
24425
24426
24427
24428
24429
24430
24431
24432
24433
24469
24560
24657
24658
24659
24660
24667
24668
24669
24685
24686
24687
24688
24689
24690
24691
24692
24693
24694
24695
24696
24697
24698
24699
24700
24705
24706
24707
24708
24712
24720
24721
24722
24723
24724
24725
24726
24727
24728
24729
24730
24731
24733
24734
24735
24736
24737
24738
24757
24758
24759
24797
24798
24808
24846
24868
24882
24883
24885
24886
24887
24918
24919
24920
24938
24939
24940
24941
24942
24943
24968
24969
25041
25042
25053
25054
25055
25097
25100
25101
25102
25103
25104
25105
25106
25107
25108
25110
25111
25112
25113
25114
25115
25116
25118
25119
25120
25122
25124
25125
25126
25127
25128
25129
25130
25131
25132
25133
25134
25135
25136
25137
25138
25139
25140
25141
25142
25143
25144
25145
25146
25148
25149
25150
25151
25152
25153
25154
25165
25166
25167
25168
25169
25170
25171
25173
25180
25181
25182
25197
25199
25200
25201
25202
25203
25217
25218
25233
25235
25247
25333
25335
25358
25384
25408
25411
25421
25422
25423
25429
25430
25436
25446
25447
25448
25449
25450
25451
25452
25453
25454
25455
25457
25458
25459
25460
25461
25462
25463
25464
25465
25466
25467
25468
25469
25470
25471
25472
25473
25474
25475
25476
25477
25478
25479
25481
25483
25484
25485
25505
25555
25556
25557
25559
25567
25570
25572
25579
25581
25582
25583
25584
25607
25608
25609
25612
25613
25614
25615
25616
25617
25618
25619
25620
25621
25622
25623
25625
25626
25642
25692
25693
25698
25700
25701
25714
25715
25716
25717
25718
25719
25720
25721
25722
25723
25724
25725
25726
25727
25741
25759
25776
25824
25825
25826
25827
25844
25860
25861
25862
25863
25864
25865
25866
25867
25868
25869
25870
25871
25872
25873
25874
25875
25876
25877
25878
25879
25880
25881
25882
25883
25884
25885
25886
25887
25888
25889
25890
25891
25892
25893
25894
25895
25896
25897
25898
25899
25900
25901
25902
25903
25904
25949
26019
26020
26021
26022
26023
26024
26025
26059
26117
26118
26119
26121
26122
26123
26124
26125
26126
26127
26128
26129
26130
26131
26132
26134
26136
26137
26139
26140
26141
26143
26144
26145
26147
26148
26149
26150
26152
26153
26154
26155
26156
26157
26159
26160
26161
26162
26255
26256
26282
26283
26284
26381
26383
26384
26385
26386
26387
26388
26389
26390
26411
26412
26417
26418
26419
26420
26421
26456
26457
26458
26459
26460
26461
26462
26463
26464
26465
26466
26467
26468
26469
26470
26471
26472
26473
26474
26475
26476
26477
26478
26479
26480
26481
26482
26483
26484
26485
26487
26488
26489
26490
26491
26493
26494
26495
26496
26497
26498
26500
26501
26502
26503
26505
26507
26508
26509
26511
26512
26513
26514
26515
26516
26517
26518
26534
26535
26536
26555
26556
26557
26565
26571
26572
26579
26599
27701
27706
27707
27708
27765
27766
27767
27768
27769
27770
27776
27802
27825
27826
27830
27831
27836
27837
27852
27853
27854
27855
27856
27922
27932
27933
27934
27935
27938
27939
27940
27941
27942
27943
27944
27945
27946
27947
27948
27949
27950
27951
27952
27953
27954
27955
27956
27957
27958
27959
27960
27961
27962
27963
27964
27966
27967
27968
27969
27970
27971
27972
27973
27974
27975
27976
27987
27989
28030
28063
28083
28084
28088
28089
28090
28092
28093
28122
28187
28188
28189
28190
28191
28192
28199
28200
28201
28212
28213
28214
28218
28227
28228
28229
28230
28239
28316
28317
28318
28319
28320
28322
28324
28360
28361
28362
28363
28364
28366
28368
28369
28370
28371
28372
28373
28374
28375
28376
28377
28378
28379
28381
28382
28383
28384
28385
28386
28387
28388
28389
28390
28391
28392
28393
28395
28401
28406
28407
28408
28417
28418
28419
28431
28468
28471
28476
28477
28513
28596
28613
28614
28615
28616
28645
28646
28647
28648
28651
28652
28653
28654
28655
28656
28657
28658
28659
28660
28661
28662
28663
28664
28665
28666
28667
28668
28669
28670
28671
28672
28673
28674
28675
28676
28677
28679
28680
28681
28682
28683
28684
28685
28686
28687
28688
28689
28690
28691
28692
28693
28694
28695
28696
28701
28702
28703
28704
28705
28706
28707
28708
28709
28710
28711
28712
28713
28714
28715
28716
28717
28718
28732
28736
28785
28788
28791
28818
28858
28875
28877
28879
28880
28937
28938
28940
28941
28942
28947
28948
28949
28950
28951
28952
28953
28954
28955
28970
28980
28981
28983
28984
28985
28986
28987
28988
28989
28990
28991
28992
28993
28994
28995
29002
29003
29004
29005
29006
29007
29008
29009
29010
29011
29012
29013
29019
29020
29021
29028
29036
29037
29038
29039
29044
29047
29050
29051
29053
29065
29073
29080
29081
29082
29084
29085
29097
29098
29099
29100
29101
29102
29104
29105
29106
29107
29108
29109
29110
29111
29112
29113
29114
29115
29116
29117
29118
29119
29120
29121
29123
29124
29140
29160
29256
29273
29275
29279
29283
29288
29289
29290
29291
29292
29293
29294
29295
29296
29297
29298
29299
29301
29302
29303
29304
29305
29306
29308
29310
29311
29312
29313
29314
29315
29316
29317
29318
29319
29320
29321
29322
29323
29324
29325
29326
29329
29353
29379
29380
29381
29382
29383
29398
29468
29505
29508
29509
29516
29517
29518
29519
29520
29521
29527
29528
29548
29549
29550
30210
30211
30215
30216
30231
30232
30240
30241
30242
30243
30244
30245
30246
30247
30248
30249
30250
30258
30259
30260
30263
30264
30265
30266
30267
30268
30269
30278
30280
30281
30282
30283
30284
30286
30287
30303
30304
30305
30306
30307
30312
30313
30316
30325
30334
30336
30344
30345
30352
30395
30396
30397
30398
30399
30400
30410
30411
30418
30419
30420
30421
30422
30425
30426
30427
30436
30442
30443
30444
30445
30446
30450
30451
30457
30458
30459
30460
30461
30462
30463
30464
30465
30466
30467
30468
30469
30470
30471
30472
30473
30474
30475
30476
30477
30478
30479
30480
30481
30482
30483
30484
30485
30486
30487
30488
30489
30490
30491
30492
30493
30494
30495
30496
30497
30498
30499
30500
30502
30506
30507
30508
30509
30510
30511
30527
30528
30529
30548
30579
30591
30592
30593
30594
30596
30598
30599
30603
30604
30628
30670
30672
30673
30676
30677
30679
30685
30686
30687
30688
30690
30693
30702
30703
30704
30705
30706
30707
30708
30709
30710
30711
30712
30713
30714
30715
30717
30719
30720
30721
30722
30724
30725
30726
30727
30728
30729
30737
30738
30768
30769
30770
30802
30803
30804
30805
30806
30807
30808
30809
30810
30811
30828
30893
30900
30923
30943
30948
30974
30975
30976
30977
30978
30979
30980
30981
30982
30984
30985
30986
30987
30988
30989
30990
30991
30992
30995
30996
30997
30998
30999
31000
31001
31002
31003
31004
31005
31007
31008
31009
31010
31011
31012
31015
31016
31020
31022
31023
31024
31025
31026
31027
31028
31029
31030
31031
31032
31033
31034
31035
31036
31037
31043
31044
31045
31046
31047
31048
31049
31050
31086
31120
31157
31158
31159
31163
31164
31165
31166
31172
31224
31225
31226
31227
31228
31230
31231
31232
31239
31244
31245
31246
31247
31252
31253
31257
31258
31260
31261
31262
31264
31269
31270
31273
31276
31332
31353
31444
31445
31446
31447
31456
31457
31487
31488
31489
31490
31494
31497
31516
31517
31533
31534
31535
31537
31538
31544
31554
31557
31558
31559
31560
31561
31562
31563
31564
31565
31566
31567
31568
31569
31570
31571
31572
31573
31574
31575
31576
31577
31578
31579
31580
31581
31582
31583
31584
31586
31587
31588
31589
31590
31591
31604
31611
31612
31613
31616
31618
31631
31646
31647
31648
31649
31650
31654
31669
31670
31671
31672
31706
31707
31765
31767
31768
31790
31796
31797
31798
31799
31800
31802
31825
31828
31829
31830
31831
31832
31833
31834
31835
31836
31837
31838
31839
31840
31841
31842
31843
31844
31845
31846
31847
31848
31861
31862
31863
31864
31865
31866
32012
32122
32123
32124
32148
